# python script to generate lists:
# from random import randint
# l1 = []
# l2 = []
# for _ in range(1000):
#   l1.append(randint(0, 50))
#   l2.append(randint(0, 50))

first_column <- c(21, 19, 50, 48, 46, 13, 30, 27, 37, 12, 9, 40, 42, 33, 34, 6, 19, 25, 46, 0, 50, 17, 45, 29, 2, 8, 43, 40, 9, 43, 20, 16, 23, 30, 23, 12, 13, 32, 19, 13, 14, 2, 22, 34, 2, 42, 37, 31, 30, 43, 29, 16, 33, 49, 17, 24, 14, 39, 6, 7, 17, 24, 32, 16, 43, 30, 35, 9, 41, 5, 46, 23, 14, 39, 13, 39, 36, 48, 5, 42, 17, 31, 27, 6, 43, 32, 17, 41, 26, 39, 29, 31, 25, 23, 15, 47, 36, 20, 36, 37, 30, 48, 38, 4, 7, 28, 41, 34, 17, 30, 1, 18, 29, 27, 3, 17, 46, 32, 32, 2, 4, 35, 30, 9, 23, 7, 13, 22, 25, 17, 32, 41, 15, 4, 41, 18, 8, 42, 24, 25, 39, 5, 12, 2, 8, 22, 15, 37, 9, 7, 46, 47, 31, 43, 28, 7, 34, 45, 39, 41, 31, 1, 5, 4, 9, 11, 3, 20, 4, 12, 41, 17, 1, 4, 19, 21, 26, 26, 24, 46, 23, 8, 31, 15, 2, 40, 8, 20, 8, 17, 42, 5, 49, 39, 25, 27, 10, 2, 38, 10, 31, 0, 9, 32, 23, 43, 43, 33, 50, 0, 40, 17, 16, 28, 7, 21, 24, 29, 12, 48, 42, 33, 21, 34, 26, 26, 2, 48, 13, 19, 33, 37, 37, 17, 30, 15, 7, 36, 0, 30, 25, 5, 47, 26, 25, 36, 22, 11, 7, 9, 11, 1, 16, 29, 48, 6, 17, 20, 36, 23, 45, 7, 49, 19, 41, 45, 50, 30, 23, 20, 16, 37, 35, 14, 8, 4, 16, 22, 3, 26, 2, 0, 48, 27, 15, 37, 44, 9, 26, 16, 22, 40, 40, 38, 1, 5, 43, 3, 1, 8, 46, 4, 19, 12, 42, 11, 17, 25, 39, 3, 38, 21, 4, 12, 27, 21, 25, 15, 40, 2, 48, 24, 39, 44, 48, 46, 35, 9, 23, 49, 24, 15, 40, 3, 9, 11, 29, 30, 4, 30, 18, 22, 33, 19, 4, 38, 42, 15, 30, 2, 26, 11, 45, 43, 49, 17, 42, 22, 9, 30, 36, 27, 42, 32, 42, 9, 32, 18, 3, 30, 50, 50, 37, 15, 11, 24, 40, 38, 35, 43, 2, 19, 26, 41, 6, 27, 26, 18, 11, 30, 5, 29, 47, 45, 34, 4, 41, 20, 4, 40, 45, 34, 33, 25, 20, 48, 37, 12, 24, 32, 22, 44, 14, 7, 13, 0, 42, 48, 40, 0, 19, 24, 15, 47, 43, 24, 24, 38, 16, 19, 36, 38, 2, 18, 12, 13, 39, 31, 8, 47, 11, 44, 13, 11, 46, 37, 6, 31, 33, 0, 16, 31, 25, 16, 1, 22, 29, 16, 29, 23, 16, 18, 8, 38, 10, 35, 50, 36, 17, 7, 11, 39, 35, 46, 29, 34, 3, 28, 47, 26, 36, 5, 28, 23, 7, 16, 26, 15, 4, 2, 37, 8, 3, 20, 35, 37, 19, 3, 1, 17, 47, 47, 34, 40, 11, 33, 21, 41, 42, 7, 4, 26, 6, 8, 34, 43, 19, 8, 32, 42, 40, 12, 29, 37, 2, 15, 9, 35, 4, 36, 18, 14, 4, 25, 43, 39, 29, 42, 19, 17, 10, 36, 29, 24, 12, 34, 36, 48, 34, 40, 43, 20, 33, 5, 26, 32, 44, 16, 0, 35, 17, 27, 22, 20, 13, 35, 20, 25, 45, 4, 7, 5, 18, 13, 14, 13, 47, 32, 24, 20, 42, 39, 35, 10, 36, 23, 29, 38, 35, 43, 47, 3, 28, 15, 46, 35, 9, 48, 38, 21, 1, 44, 25, 17, 14, 19, 44, 36, 45, 8, 32, 2, 47, 27, 12, 30, 40, 43, 11, 38, 35, 26, 29, 40, 25, 12, 42, 5, 50, 36, 16, 48, 30, 48, 10, 0, 1, 36, 37, 21, 19, 14, 45, 26, 23, 37, 19, 31, 32, 0, 16, 7, 6, 32, 28, 33, 13, 47, 12, 43, 46, 15, 5, 30, 44, 40, 3, 13, 33, 47, 14, 28, 32, 30, 29, 13, 12, 30, 36, 14, 19, 7, 24, 27, 30, 21, 36, 43, 37, 12, 39, 29, 6, 21, 12, 8, 5, 21, 10, 10, 8, 22, 0, 24, 46, 46, 28, 16, 19, 27, 23, 1, 46, 24, 2, 30, 11, 23, 23, 18, 46, 3, 23, 16, 12, 25, 38, 28, 27, 34, 50, 12, 31, 6, 37, 13, 44, 40, 7, 11, 47, 14, 27, 49, 40, 31, 48, 5, 21, 17, 13, 48, 22, 36, 22, 27, 49, 28, 17, 3, 23, 44, 26, 22, 9, 48, 10, 3, 12, 40, 48, 12, 2, 19, 27, 15, 16, 25, 29, 10, 36, 44, 43, 47, 48, 39, 48, 9, 29, 6, 42, 44, 26, 2, 37, 39, 45, 33, 14, 21, 28, 27, 18, 50, 46, 36, 21, 30, 32, 5, 3, 5, 32, 37, 20, 36, 23, 40, 49, 26, 2, 45, 22, 22, 5, 30, 28, 42, 44, 5, 1, 27, 17, 15, 20, 39, 33, 7, 11, 15, 34, 47, 21, 6, 31, 34, 23, 42, 7, 39, 13, 32, 22, 6, 13, 9, 3, 26, 36, 16, 9, 8, 45, 39, 31, 7, 27, 0, 23, 35, 39, 29, 39, 36, 33, 24, 4, 39, 35, 18, 30, 45, 35, 30, 13, 26, 6, 13, 0, 27, 19, 42, 27, 40, 4, 15, 36, 0, 0, 29, 35, 17, 42, 48, 24, 42, 29, 16, 20, 40, 22, 8, 32, 29, 4, 6, 3, 28, 8, 34, 35, 29, 40, 30, 17, 50, 36, 34, 2, 14, 45, 13, 44, 15, 15, 43, 48, 28, 43, 37, 14, 29, 46, 15, 7, 40, 25, 45, 30, 48, 34, 7, 35, 19, 26, 34, 15, 3, 30, 34, 5, 8, 18, 29, 3, 19, 29, 11, 5, 14, 31, 41, 35, 41, 22, 50, 26, 43, 18, 22, 34, 38, 30, 31, 40, 9, 27, 16, 43, 9, 13, 36, 5, 19, 21, 14, 46, 22, 30, 29)
second_column <- c(12, 7, 38, 14, 19, 10, 46, 0, 47, 40, 49, 30, 14, 26, 40, 1, 43, 12, 24, 36, 13, 37, 19, 17, 43, 49, 43, 30, 40, 11, 5, 37, 32, 34, 2, 0, 39, 6, 14, 38, 14, 36, 40, 35, 12, 46, 48, 1, 17, 33, 15, 22, 48, 31, 21, 21, 44, 39, 23, 48, 25, 9, 38, 2, 0, 6, 23, 16, 34, 41, 27, 23, 17, 50, 35, 49, 46, 39, 45, 8, 12, 8, 43, 6, 37, 10, 5, 34, 15, 18, 19, 4, 41, 19, 32, 10, 34, 32, 6, 29, 31, 47, 4, 1, 33, 20, 47, 20, 29, 46, 32, 29, 42, 26, 20, 22, 47, 31, 47, 44, 2, 10, 1, 5, 38, 25, 46, 17, 7, 24, 44, 44, 1, 8, 13, 47, 27, 38, 40, 15, 31, 18, 24, 34, 25, 28, 23, 18, 22, 17, 7, 0, 20, 20, 3, 39, 34, 36, 5, 14, 44, 36, 35, 2, 47, 39, 33, 43, 33, 44, 40, 24, 27, 19, 35, 1, 3, 45, 17, 48, 19, 35, 14, 45, 2, 27, 31, 8, 8, 15, 39, 24, 1, 24, 14, 15, 6, 0, 11, 13, 25, 34, 49, 20, 40, 24, 21, 14, 46, 50, 30, 33, 3, 18, 47, 1, 16, 1, 15, 10, 3, 27, 42, 34, 41, 4, 9, 11, 43, 31, 38, 14, 41, 32, 27, 34, 7, 36, 30, 7, 0, 22, 34, 40, 3, 25, 22, 48, 7, 31, 5, 29, 32, 2, 12, 20, 40, 28, 4, 20, 5, 38, 5, 48, 21, 11, 40, 40, 26, 15, 30, 33, 25, 12, 23, 22, 38, 40, 40, 27, 25, 6, 45, 3, 15, 9, 28, 20, 10, 42, 28, 35, 50, 19, 33, 29, 38, 27, 28, 42, 32, 33, 14, 20, 0, 11, 12, 23, 14, 50, 39, 39, 0, 39, 6, 44, 21, 13, 1, 8, 47, 32, 47, 48, 4, 2, 14, 5, 4, 11, 50, 16, 8, 34, 14, 45, 48, 36, 0, 11, 25, 4, 20, 35, 15, 22, 0, 23, 34, 38, 7, 11, 29, 18, 25, 7, 13, 49, 45, 22, 4, 48, 14, 44, 43, 44, 34, 6, 49, 32, 3, 35, 14, 32, 3, 33, 3, 39, 15, 0, 13, 12, 12, 31, 8, 34, 38, 41, 18, 3, 32, 14, 22, 47, 13, 4, 43, 32, 5, 47, 20, 4, 23, 29, 35, 32, 42, 47, 25, 19, 35, 27, 15, 14, 42, 24, 30, 15, 40, 28, 25, 42, 25, 33, 30, 8, 30, 16, 44, 31, 0, 16, 26, 0, 6, 3, 37, 23, 28, 26, 4, 11, 46, 10, 39, 48, 46, 39, 34, 38, 20, 27, 27, 49, 29, 9, 29, 31, 22, 42, 39, 22, 15, 33, 12, 29, 46, 21, 50, 37, 4, 49, 9, 24, 28, 30, 36, 40, 36, 2, 17, 30, 27, 36, 37, 26, 38, 38, 27, 22, 17, 30, 50, 37, 50, 31, 4, 9, 42, 36, 13, 40, 10, 32, 23, 36, 25, 46, 15, 7, 47, 2, 17, 4, 33, 1, 13, 20, 39, 47, 39, 15, 25, 9, 21, 35, 41, 24, 21, 28, 17, 12, 38, 21, 19, 29, 40, 27, 42, 27, 36, 27, 34, 11, 23, 25, 9, 15, 26, 19, 34, 44, 4, 24, 36, 49, 36, 28, 27, 25, 29, 31, 3, 38, 13, 1, 4, 46, 32, 38, 5, 10, 22, 37, 0, 24, 4, 10, 33, 24, 13, 26, 37, 0, 14, 37, 15, 1, 34, 45, 33, 39, 17, 0, 37, 32, 32, 40, 31, 5, 47, 29, 25, 44, 34, 44, 6, 28, 42, 22, 11, 42, 9, 50, 12, 44, 8, 6, 31, 9, 27, 14, 16, 23, 15, 10, 15, 25, 23, 41, 22, 32, 10, 34, 7, 5, 22, 26, 31, 43, 48, 11, 14, 14, 29, 36, 4, 47, 3, 40, 50, 49, 21, 23, 7, 43, 50, 43, 49, 37, 30, 24, 27, 0, 7, 8, 19, 9, 45, 13, 22, 1, 30, 19, 27, 3, 4, 19, 40, 45, 43, 25, 20, 40, 48, 12, 24, 5, 2, 41, 20, 43, 26, 48, 43, 22, 17, 20, 42, 16, 25, 8, 23, 1, 8, 24, 27, 49, 11, 2, 19, 48, 47, 25, 31, 33, 2, 24, 22, 15, 48, 4, 26, 42, 25, 25, 44, 11, 28, 5, 47, 34, 44, 39, 23, 9, 7, 29, 5, 2, 26, 16, 11, 20, 35, 47, 2, 28, 49, 47, 43, 41, 37, 16, 11, 29, 40, 15, 42, 4, 28, 39, 33, 12, 36, 10, 48, 31, 5, 7, 25, 10, 21, 22, 28, 29, 24, 32, 3, 25, 27, 44, 29, 17, 16, 44, 18, 50, 35, 24, 18, 17, 50, 1, 0, 36, 42, 36, 4, 48, 30, 29, 42, 4, 39, 27, 8, 10, 43, 14, 20, 6, 48, 49, 11, 27, 21, 19, 2, 2, 6, 22, 45, 50, 43, 1, 39, 14, 37, 18, 28, 50, 13, 46, 31, 30, 10, 35, 29, 16, 6, 4, 24, 8, 26, 31, 11, 5, 24, 37, 20, 5, 29, 4, 11, 10, 12, 38, 6, 25, 2, 36, 47, 28, 19, 13, 41, 38, 24, 35, 46, 24, 1, 11, 18, 44, 33, 1, 44, 1, 36, 22, 37, 45, 31, 44, 16, 16, 0, 33, 16, 26, 20, 33, 17, 43, 23, 23, 15, 2, 40, 36, 34, 23, 39, 10, 17, 36, 36, 38, 24, 35, 41, 45, 5, 40, 47, 40, 7, 49, 29, 21, 44, 7, 29, 16, 12, 31, 5, 12, 31, 36, 16, 9, 27, 18, 13, 11, 41, 13, 24, 43, 36, 38, 42, 2, 36, 0, 21, 16, 12, 25, 11, 30, 26, 35, 24, 37, 10, 24, 24, 26, 46, 36, 11, 33, 31, 9, 27, 15, 41, 4, 1, 47, 1, 25, 46, 30, 32, 43, 4, 35, 15, 18, 36, 48, 42, 7, 20, 35, 5, 25, 44, 39, 33, 14, 30, 47, 20, 16)

